1.000000
0.389247
0.255914
0.193548
0.148387
0.129032
0.116129
0.105376
0.094624
0.090323
0.086022
0.081720
0.079570
0.073118
0.070968
0.070968
0.068817
0.068817
0.068817
0.068817
0.068817
0.068817
0.068817
0.068817
0.068817
0.068817
0.068817
0.068817
0.068817
0.068817
0.066667
0.066667
0.066667
0.066667
0.066667
0.066667
0.066667
0.066667
0.066667
0.066667
0.066667
0.066667
0.066667
0.066667
0.066667
0.066667
0.066667
0.066667
0.066667
0.066667
0.066667
0.066667
0.066667
0.066667
0.066667
0.066667
0.066667
0.066667
0.066667
0.066667
