1.000000
0.066667
0.066667
0.066667
0.066667
0.066667
0.066667
0.066667
0.066667
0.066667
0.066667
0.066667
0.066667
0.066667
0.066667
0.066667
0.066667
0.066667
0.066667
0.066667
0.066667
0.066667
0.066667
0.066667
0.066667
0.066667
0.066667
0.066667
0.066667
0.066667
0.066667
0.066667
0.066667
0.066667
0.066667
0.066667
0.066667
0.066667
0.066667
0.066667
0.066667
0.066667
0.066667
0.066667
0.066667
0.066667
0.066667
0.066667
0.066667
0.066667
0.066667
0.066667
0.066667
0.066667
0.066667
0.066667
0.066667
0.066667
0.066667
0.066667
