1.000000
0.585000
0.534167
0.494167
0.467500
0.450000
0.428333
0.415833
0.404167
0.394167
0.385833
0.377500
0.370000
0.365833
0.360000
0.355833
0.350000
0.345833
0.341667
0.338333
0.330000
0.328333
0.324167
0.321667
0.317500
0.313333
0.311667
0.308333
0.305000
0.299167
0.297500
0.294167
0.291667
0.288333
0.284167
0.283333
0.282500
0.280000
0.280000
0.277500
0.274167
0.271667
0.271667
0.270000
0.265833
0.261667
0.259167
0.258333
0.256667
0.252500
0.250833
0.249167
0.247500
0.247500
0.246667
0.245833
0.244167
0.243333
0.242500
0.240833
0.240833
0.239167
0.237500
0.235833
0.235000
0.235000
0.234167
0.234167
0.230833
0.229167
0.228333
0.228333
0.226667
0.226667
0.225833
0.225000
0.224167
0.222500
0.220000
0.218333
