1.000000
0.415833
0.326667
0.272500
0.244167
0.225000
0.201667
0.187500
0.178333
0.169167
0.160833
0.152500
0.142500
0.139167
0.137500
0.132500
0.128333
0.127500
0.124167
0.120833
0.119167
0.116667
0.115000
0.113333
0.112500
0.110833
0.109167
0.106667
0.104167
0.101667
0.100833
0.098333
0.096667
0.096667
0.095833
0.095000
0.095000
0.094167
0.091667
0.091667
0.089167
0.088333
0.087500
0.086667
0.085833
0.085000
0.085000
0.084167
0.080833
0.080833
0.080833
0.080833
0.080833
0.080000
0.078333
0.076667
0.076667
0.075833
0.075000
0.074167
0.073333
0.073333
0.071667
0.071667
0.069167
0.069167
0.069167
0.068333
0.068333
0.068333
0.068333
0.068333
0.068333
0.068333
0.067500
0.067500
0.066667
0.066667
0.066667
0.065833
