1.000000
0.590833
0.536667
0.515833
0.500000
0.487500
0.482500
0.477500
0.471667
0.467500
0.463333
0.459167
0.456667
0.455000
0.452500
0.450833
0.450833
0.449167
0.448333
0.445833
0.445000
0.444167
0.444167
0.443333
0.441667
0.439167
0.435833
0.435833
0.433333
0.432500
0.430833
0.429167
0.426667
0.425833
0.425833
0.422500
0.421667
0.421667
0.420000
0.420000
0.419167
0.417500
0.415833
0.414167
0.414167
0.413333
0.412500
0.412500
0.412500
0.412500
0.411667
0.411667
0.409167
0.407500
0.407500
0.406667
0.406667
0.406667
0.405833
0.405833
0.405833
0.405833
0.405833
0.405000
0.404167
0.403333
0.403333
0.403333
0.403333
0.403333
0.403333
0.402500
0.402500
0.401667
0.401667
0.401667
0.401667
0.400000
0.400000
0.400000
