1.000000
0.590833
0.526667
0.492500
0.469167
0.460833
0.444167
0.437500
0.428333
0.421667
0.415000
0.403333
0.397500
0.395000
0.388333
0.385833
0.382500
0.379167
0.376667
0.374167
0.372500
0.369167
0.367500
0.365833
0.362500
0.359167
0.357500
0.355833
0.354167
0.350833
0.348333
0.347500
0.345833
0.344167
0.340833
0.339167
0.338333
0.337500
0.335833
0.334167
0.333333
0.333333
0.332500
0.330833
0.328333
0.328333
0.326667
0.325833
0.324167
0.324167
0.324167
0.323333
0.322500
0.321667
0.320833
0.319167
0.317500
0.316667
0.315000
0.315000
0.314167
0.314167
0.312500
0.310833
0.309167
0.307500
0.307500
0.307500
0.304167
0.301667
0.301667
0.301667
0.300833
0.300000
0.300000
0.297500
0.296667
0.295833
0.294167
0.294167
