1.000000
0.652459
0.553005
0.475410
0.429508
0.359563
0.310383
0.288525
0.249180
0.233880
0.208743
0.202186
0.194536
0.186885
0.174863
0.158470
0.157377
0.142077
0.126776
0.121311
0.120219
0.116940
0.114754
0.113661
0.113661
0.111475
0.109290
0.107104
0.102732
0.100546
0.100546
0.099454
0.098361
0.098361
0.095082
0.092896
0.092896
0.092896
0.091803
0.089617
0.089617
0.089617
0.089617
0.088525
0.088525
0.087432
0.085246
0.084153
0.084153
0.084153
0.080874
0.080874
0.078689
0.077596
0.077596
0.075410
0.073224
0.073224
0.073224
0.072131
