1.000000
0.590000
0.544545
0.520909
0.510000
0.497273
0.492727
0.483636
0.471818
0.467273
0.465455
0.462727
0.460909
0.455455
0.453636
0.451818
0.450000
0.448182
0.447273
0.445455
0.442727
0.440909
0.440000
0.439091
0.437273
0.436364
0.433636
0.433636
0.430909
0.430000
0.429091
0.429091
0.427273
0.426364
0.426364
0.424545
0.423636
0.422727
0.420000
0.419091
0.416364
0.415455
0.415455
0.414545
0.413636
0.411818
0.410909
0.409091
0.408182
0.408182
0.406364
0.405455
0.405455
0.403636
0.403636
0.403636
0.402727
0.401818
0.400909
0.400909
