535.000000
48.000000
48.500000
38.500000
521.500000
49.500000
36.500000
54.500000
32.000000
27.500000
37.000000
31.000000
31.000000
33.500000
60.000000
74.000000
27.500000
32.000000
31.500000
33.000000
31.500000
31.000000
43.500000
27.500000
32.500000
46.500000
30.000000
48.500000
43.000000
36.500000
36.000000
33.000000
27.000000
30.500000
29.500000
33.000000
45.000000
32.000000
35.000000
35.500000
30.500000
41.500000
47.500000
33.500000
31.000000
32.500000
37.000000
34.000000
44.000000
30.500000
44.000000
36.500000
47.000000
38.000000
24.500000
38.500000
35.000000
34.000000
35.500000
36.000000
52.000000
34.500000
34.000000
34.500000
41.000000
51.000000
29.500000
30.500000
42.000000
39.500000
34.000000
49.000000
29.000000
36.000000
43.000000
31.000000
30.500000
30.000000
34.000000
31.500000
37.000000
34.500000
43.000000
35.000000
41.000000
30.000000
30.000000
33.500000
31.500000
32.000000
36.000000
36.500000
28.500000
46.000000
39.500000
36.000000
34.500000
33.000000
42.500000
44.500000
