67.000000
101.500000
102.500000
54.000000
108.500000
42.500000
80.500000
47.000000
69.000000
69.000000
69.000000
51.500000
84.500000
112.500000
56.000000
231.500000
225.500000
187.500000
76.500000
72.000000
82.500000
74.500000
103.500000
70.500000
65.500000
50.500000
93.000000
83.500000
56.500000
63.500000
82.500000
61.000000
94.500000
108.500000
129.500000
53.500000
48.000000
60.500000
80.500000
57.000000
52.000000
68.500000
73.000000
51.500000
49.500000
60.000000
54.500000
77.000000
112.500000
91.500000
65.000000
53.000000
127.000000
161.500000
54.000000
96.500000
71.500000
66.000000
77.500000
70.500000
60.500000
76.500000
46.500000
48.500000
59.500000
42.500000
74.000000
77.500000
64.000000
75.500000
74.000000
65.500000
59.000000
52.500000
56.500000
133.000000
153.000000
61.000000
47.500000
99.500000
46.500000
83.000000
53.000000
93.500000
70.000000
101.500000
59.500000
136.500000
67.500000
50.500000
84.500000
103.500000
56.000000
67.500000
77.000000
54.500000
113.000000
102.000000
55.500000
109.000000
