831.500000
742.000000
739.000000
345.500000
388.500000
239.500000
212.000000
237.000000
274.500000
191.000000
141.500000
85.000000
111.000000
163.500000
93.000000
167.500000
184.500000
126.500000
308.000000
205.500000
148.000000
156.500000
206.000000
135.500000
141.500000
70.000000
127.000000
213.500000
91.500000
188.000000
186.000000
115.500000
134.500000
114.000000
109.500000
136.000000
180.000000
108.000000
92.000000
58.000000
189.000000
89.000000
218.000000
125.500000
96.000000
102.500000
91.000000
120.500000
75.500000
159.500000
104.500000
120.500000
78.500000
131.000000
129.500000
220.500000
150.000000
98.500000
91.500000
127.000000
220.000000
73.000000
155.500000
148.500000
152.500000
147.000000
79.500000
137.500000
98.500000
108.000000
100.500000
64.000000
108.500000
124.500000
74.000000
105.500000
84.500000
183.000000
75.500000
56.000000
67.000000
122.000000
137.000000
108.000000
122.000000
125.000000
112.000000
125.000000
106.500000
94.000000
106.000000
124.500000
66.000000
162.500000
119.000000
89.000000
65.500000
74.500000
145.500000
84.500000
