518.500000
540.000000
32.000000
519.500000
45.500000
29.000000
26.500000
50.500000
31.000000
23.500000
32.000000
37.000000
37.000000
55.000000
61.000000
76.000000
39.500000
51.500000
46.500000
41.500000
34.500000
35.000000
44.000000
48.000000
30.500000
23.000000
43.000000
34.000000
31.000000
29.000000
28.500000
48.500000
35.500000
39.000000
33.500000
38.500000
34.500000
50.000000
32.000000
41.500000
37.500000
48.000000
43.500000
42.500000
41.000000
46.000000
40.500000
38.000000
48.500000
52.500000
35.000000
43.500000
34.000000
74.500000
34.000000
43.500000
35.000000
48.500000
38.000000
42.500000
40.000000
39.500000
35.000000
37.000000
75.500000
32.000000
34.000000
40.500000
38.500000
33.500000
44.500000
33.500000
47.000000
40.000000
41.500000
39.500000
44.500000
47.000000
46.000000
34.000000
47.500000
49.000000
52.000000
40.500000
37.500000
38.000000
41.500000
37.000000
40.000000
32.500000
49.000000
51.500000
35.500000
38.000000
37.500000
40.000000
29.000000
45.000000
56.500000
31.500000
