533.500000
652.500000
470.500000
436.500000
386.500000
428.000000
620.500000
449.000000
241.500000
341.000000
412.500000
225.000000
249.000000
127.000000
261.000000
236.500000
115.500000
218.500000
608.500000
144.000000
221.500000
205.000000
186.000000
203.000000
129.500000
214.000000
175.000000
448.000000
311.000000
177.000000
138.500000
123.500000
179.500000
176.000000
165.000000
334.000000
226.000000
192.000000
591.000000
541.500000
553.000000
370.500000
308.500000
195.500000
178.000000
268.500000
102.500000
87.500000
92.000000
129.000000
88.000000
151.000000
144.500000
94.000000
158.500000
80.500000
161.000000
112.500000
121.000000
124.000000
170.000000
61.000000
70.500000
109.500000
98.000000
130.000000
286.000000
116.500000
532.000000
74.000000
128.500000
385.000000
61.000000
39.500000
66.500000
117.000000
95.500000
65.000000
117.000000
68.500000
106.500000
175.500000
93.000000
116.000000
106.500000
101.500000
69.500000
142.000000
112.500000
84.000000
81.000000
76.000000
111.500000
102.000000
104.000000
81.000000
129.500000
72.000000
62.000000
52.500000
115.000000
111.000000
89.000000
113.500000
90.000000
63.000000
106.500000
45.500000
66.000000
51.500000
69.500000
42.500000
78.500000
46.500000
41.000000
67.000000
71.000000
48.000000
53.500000
54.500000
67.000000
38.500000
70.500000
58.500000
43.000000
35.000000
33.500000
47.000000
68.500000
29.000000
53.000000
41.500000
43.500000
42.000000
29.000000
38.000000
27.000000
31.000000
31.500000
24.500000
29.000000
23.500000
34.500000
33.000000
22.000000
38.000000
38.500000
29.500000
36.000000
36.000000
41.000000
27.000000
27.500000
29.000000
50.500000
41.500000
25.500000
28.500000
30.500000
34.500000
48.000000
36.500000
26.000000
27.000000
30.000000
27.500000
31.000000
23.500000
30.500000
30.000000
25.000000
42.500000
27.000000
29.000000
37.500000
25.500000
37.500000
38.500000
38.500000
31.500000
41.500000
45.000000
49.000000
29.500000
34.500000
42.000000
48.000000
78.000000
75.500000
39.500000
28.500000
51.000000
38.000000
23.500000
30.000000
39.500000
37.500000
75.500000
29.500000
43.500000
31.500000
25.000000
20.500000
21.500000
23.000000
33.000000
43.500000
35.000000
31.500000
34.500000
26.000000
28.500000
26.000000
18.500000
23.500000
22.000000
34.500000
47.500000
56.000000
30.000000
55.500000
19.500000
21.500000
19.500000
18.000000
25.500000
27.500000
24.000000
26.000000
22.000000
21.500000
23.500000
27.000000
19.500000
23.500000
31.500000
19.000000
25.000000
30.500000
17.500000
21.000000
27.000000
26.000000
23.000000
17.000000
23.000000
20.000000
30.500000
25.000000
28.500000
23.000000
23.500000
18.500000
16.500000
19.000000
18.500000
22.000000
18.000000
28.000000
19.500000
21.500000
16.500000
21.000000
17.000000
16.500000
19.000000
21.500000
18.500000
21.500000
24.500000
27.000000
24.000000
29.000000
19.000000
38.000000
18.500000
20.000000
28.500000
20.000000
31.500000
19.500000
19.500000
16.000000
20.500000
28.500000
27.500000
18.000000
26.500000
18.000000
36.500000
21.500000
20.500000
22.000000
17.500000
16.000000
17.000000
15.500000
18.500000
20.000000
16.500000
24.500000
20.000000
18.000000
18.500000
22.500000
17.000000
26.000000
18.000000
22.000000
19.500000
21.000000
27.000000
38.500000
23.000000
23.500000
20.500000
18.500000
17.000000
17.000000
24.000000
29.500000
34.500000
28.000000
28.500000
31.500000
17.000000
17.000000
16.000000
34.000000
24.500000
18.500000
17.000000
17.500000
16.500000
18.000000
22.500000
16.500000
43.500000
32.500000
47.500000
19.000000
16.000000
18.500000
18.500000
16.000000
32.000000
17.500000
28.500000
18.500000
30.000000
27.500000
31.000000
26.000000
16.000000
20.500000
21.500000
21.500000
19.500000
21.000000
18.500000
16.500000
21.000000
15.500000
16.500000
24.000000
22.000000
22.500000
20.500000
22.000000
23.500000
26.500000
16.500000
22.500000
18.500000
26.500000
17.500000
16.500000
17.000000
21.500000
21.000000
14.500000
16.500000
15.500000
15.500000
14.500000
16.500000
23.000000
17.500000
16.000000
23.000000
16.500000
18.500000
13.500000
15.000000
15.000000
14.500000
16.500000
17.500000
14.500000
15.000000
15.500000
16.000000
16.500000
16.500000
19.000000
14.000000
14.500000
14.000000
15.500000
17.500000
15.500000
14.500000
15.500000
15.000000
21.500000
17.500000
17.000000
23.000000
16.500000
16.000000
18.500000
16.000000
15.000000
16.000000
15.000000
20.000000
20.000000
16.500000
14.500000
14.000000
13.500000
16.500000
16.000000
15.000000
17.000000
15.500000
16.000000
21.500000
15.500000
24.500000
15.000000
25.500000
16.500000
20.500000
18.000000
15.000000
14.500000
15.500000
15.500000
14.000000
16.000000
15.500000
19.500000
14.500000
14.000000
14.000000
20.000000
14.500000
17.000000
15.500000
17.500000
25.000000
14.500000
15.500000
15.500000
14.000000
16.500000
16.000000
15.000000
17.500000
14.500000
15.000000
15.000000
15.500000
15.500000
14.500000
15.000000
14.500000
15.000000
14.500000
14.000000
14.000000
18.000000
18.000000
15.000000
15.000000
19.000000
15.000000
15.000000
13.500000
18.000000
16.000000
16.500000
14.000000
15.500000
16.500000
19.000000
13.500000
16.000000
15.500000
16.500000
16.000000
13.500000
16.500000
15.000000
14.500000
24.000000
14.000000
14.500000
14.000000
14.500000
15.000000
14.000000
14.000000
21.000000
17.000000
14.000000
16.000000
17.500000
14.000000
16.500000
16.000000
15.500000
16.000000
13.500000
15.000000
14.000000
18.000000
16.000000
16.500000
15.500000
17.500000
14.000000
13.500000
19.000000
15.000000
21.000000
15.000000
16.000000
15.500000
16.000000
14.500000
15.000000
14.500000
14.500000
16.500000
13.500000
14.000000
15.500000
14.500000
14.500000
15.000000
14.000000
15.500000
15.000000
15.000000
13.500000
13.000000
13.000000
14.500000
14.000000
14.000000
15.000000
14.500000
14.000000
14.000000
15.500000
14.000000
14.500000
18.500000
14.000000
14.000000
14.000000
13.500000
15.500000
13.500000
13.500000
15.500000
14.500000
14.000000
14.500000
13.000000
15.000000
19.500000
13.500000
13.500000
13.500000
16.500000
13.000000
15.000000
14.500000
14.000000
24.500000
16.000000
14.000000
15.000000
14.500000
14.500000
13.500000
13.500000
15.500000
15.000000
17.000000
15.000000
17.500000
15.500000
13.000000
17.000000
13.500000
15.500000
14.500000
17.000000
15.500000
23.500000
14.000000
15.000000
14.000000
14.500000
15.500000
15.500000
18.000000
14.500000
13.500000
21.000000
15.500000
14.000000
13.500000
13.500000
15.000000
14.000000
13.000000
14.500000
13.500000
14.000000
15.500000
13.500000
14.000000
15.000000
15.000000
15.000000
15.000000
16.500000
17.000000
15.000000
13.500000
14.000000
14.500000
14.000000
20.000000
15.500000
13.500000
14.500000
13.500000
13.500000
17.500000
17.000000
13.000000
14.000000
15.000000
13.500000
14.000000
16.000000
14.500000
13.500000
16.000000
15.500000
21.000000
14.500000
14.000000
20.000000
14.000000
14.500000
14.000000
13.000000
14.000000
14.500000
14.000000
15.500000
13.500000
14.500000
14.500000
14.000000
14.500000
16.000000
16.500000
15.000000
13.500000
13.500000
15.500000
13.500000
14.500000
14.000000
13.500000
15.500000
13.000000
14.500000
14.500000
17.500000
15.000000
15.500000
14.500000
14.500000
13.500000
16.000000
19.500000
15.500000
13.500000
14.500000
15.500000
16.000000
19.000000
19.000000
16.000000
14.500000
15.000000
15.500000
14.500000
14.000000
13.500000
14.000000
14.000000
13.500000
14.500000
14.000000
14.500000
15.500000
15.000000
14.000000
14.500000
14.500000
14.000000
15.500000
13.500000
17.000000
17.000000
16.000000
14.000000
14.000000
13.000000
14.000000
14.000000
15.000000
13.500000
14.500000
15.000000
20.500000
17.500000
14.500000
14.500000
20.000000
17.000000
15.500000
14.500000
15.000000
14.500000
13.500000
14.000000
13.500000
15.500000
14.000000
18.000000
15.500000
18.500000
15.000000
14.000000
20.500000
13.000000
14.500000
20.000000
14.500000
14.500000
14.500000
19.500000
15.000000
15.000000
13.000000
17.000000
14.500000
14.500000
15.500000
13.000000
16.000000
14.000000
18.000000
14.000000
14.000000
14.000000
20.000000
16.000000
15.000000
13.500000
13.500000
15.500000
17.000000
13.500000
14.000000
14.500000
13.000000
13.500000
14.000000
13.000000
14.000000
13.500000
14.500000
14.500000
13.500000
14.000000
18.500000
14.000000
14.000000
16.000000
17.000000
13.500000
13.000000
14.000000
14.000000
15.500000
14.500000
13.500000
13.500000
14.000000
13.500000
15.000000
15.000000
14.500000
22.000000
17.500000
13.500000
15.500000
21.500000
16.500000
18.000000
13.500000
15.500000
14.500000
13.500000
14.000000
13.500000
15.500000
16.500000
16.500000
16.500000
13.000000
14.500000
14.500000
14.000000
15.500000
13.500000
14.500000
14.000000
13.000000
13.000000
18.500000
13.500000
14.500000
15.500000
14.500000
15.500000
17.000000
14.000000
13.500000
13.500000
14.000000
14.500000
17.500000
13.500000
14.000000
21.000000
13.000000
13.500000
14.000000
13.500000
13.500000
13.500000
13.500000
13.500000
13.500000
14.000000
22.000000
17.500000
15.500000
13.500000
15.000000
14.000000
13.000000
13.500000
14.000000
14.000000
13.500000
13.500000
15.000000
14.000000
13.500000
13.500000
14.000000
14.000000
24.500000
14.000000
13.500000
13.500000
20.000000
13.500000
14.500000
14.000000
19.500000
21.000000
14.500000
14.500000
14.000000
14.500000
13.500000
14.500000
13.000000
14.000000
14.000000
14.000000
14.000000
23.500000
14.000000
14.000000
14.500000
15.000000
13.500000
14.500000
13.000000
13.500000
14.000000
14.000000
13.500000
14.500000
14.000000
14.500000
13.000000
13.500000
15.000000
14.500000
15.500000
13.500000
14.000000
14.500000
22.500000
13.500000
14.500000
15.000000
15.500000
13.500000
14.500000
16.000000
13.500000
20.500000
17.500000
14.000000
14.000000
13.000000
15.000000
16.000000
13.500000
15.500000
14.500000
16.000000
14.000000
18.000000
14.000000
19.000000
13.500000
13.500000
17.000000
14.500000
14.500000
13.000000
14.000000
19.000000
14.000000
14.000000
13.500000
13.500000
14.000000
13.500000
14.000000
17.000000
13.500000
13.500000
14.000000
13.000000
13.500000
13.500000
20.000000
15.500000
17.500000
13.500000
14.500000
13.500000
15.000000
13.000000
13.500000
16.000000
14.500000
14.000000
15.500000
15.500000
