104.500000
90.000000
96.000000
108.500000
110.500000
82.500000
89.500000
96.000000
97.000000
106.500000
106.500000
88.500000
92.500000
73.500000
93.000000
107.000000
115.500000
78.000000
76.500000
89.000000
102.500000
91.500000
77.000000
157.500000
67.500000
94.000000
78.000000
70.000000
89.500000
66.000000
105.000000
85.500000
136.500000
81.000000
161.500000
120.000000
94.500000
180.000000
163.000000
151.000000
71.500000
105.000000
110.000000
92.500000
141.500000
121.000000
67.000000
85.500000
81.000000
118.000000
114.500000
127.000000
136.000000
106.500000
60.500000
105.000000
131.000000
156.000000
95.000000
85.000000
109.500000
109.500000
53.000000
107.500000
76.000000
109.500000
126.000000
160.000000
114.000000
139.000000
136.000000
86.500000
58.500000
123.000000
80.000000
73.500000
75.000000
80.500000
91.500000
136.000000
149.500000
58.500000
73.000000
81.000000
104.500000
98.000000
99.500000
105.000000
118.000000
81.000000
73.500000
76.500000
111.500000
114.500000
183.500000
106.500000
72.000000
71.000000
108.500000
136.500000
