105.500000
522.000000
517.500000
516.500000
56.000000
516.000000
48.500000
512.500000
30.000000
513.500000
514.000000
24.500000
24.500000
26.500000
28.000000
26.500000
29.000000
26.500000
29.000000
27.500000
26.000000
25.000000
27.500000
30.500000
28.500000
25.500000
24.500000
27.500000
25.500000
28.500000
27.500000
27.000000
26.000000
28.500000
26.000000
24.500000
27.500000
22.000000
29.000000
25.000000
27.500000
28.500000
25.000000
28.000000
28.500000
27.000000
27.000000
25.500000
28.500000
26.000000
25.000000
28.000000
28.500000
26.500000
29.500000
26.000000
25.500000
29.500000
27.000000
27.000000
26.000000
23.500000
24.500000
22.500000
28.000000
25.000000
25.500000
24.500000
27.000000
29.000000
27.000000
30.500000
26.500000
27.500000
27.000000
26.500000
23.500000
22.500000
27.000000
27.000000
23.000000
25.000000
26.000000
25.500000
24.000000
26.000000
28.500000
28.500000
24.000000
27.000000
24.500000
25.500000
27.000000
30.000000
25.500000
25.500000
26.500000
25.000000
28.000000
25.500000
