79.500000
178.000000
150.000000
79.500000
50.500000
68.500000
66.000000
83.500000
44.000000
89.500000
44.500000
48.000000
46.000000
49.500000
63.000000
52.000000
62.000000
53.000000
40.500000
35.000000
53.500000
33.500000
47.500000
47.000000
40.500000
36.000000
48.000000
37.000000
30.500000
36.000000
34.500000
51.000000
43.000000
42.000000
29.000000
40.500000
37.500000
52.500000
42.500000
50.500000
35.500000
48.500000
47.500000
36.000000
38.000000
46.000000
44.000000
35.500000
38.000000
52.500000
30.000000
32.500000
31.000000
36.500000
34.500000
36.000000
34.000000
45.000000
38.000000
35.500000
28.500000
38.500000
41.500000
38.000000
42.500000
45.000000
30.000000
38.000000
35.000000
45.000000
31.000000
46.500000
37.000000
39.000000
32.000000
31.000000
31.500000
33.000000
45.500000
28.000000
35.000000
33.000000
38.500000
32.000000
34.500000
36.500000
37.500000
32.500000
31.000000
36.000000
36.000000
44.000000
27.500000
34.500000
28.000000
37.500000
29.500000
29.000000
37.000000
28.500000
