485.000000
682.500000
255.500000
283.000000
288.500000
431.000000
459.000000
554.500000
248.000000
113.000000
129.000000
120.500000
169.000000
119.000000
185.500000
161.500000
161.500000
147.000000
177.500000
148.500000
269.000000
304.000000
133.000000
586.500000
329.000000
233.500000
140.500000
172.500000
200.000000
224.500000
334.000000
252.000000
193.500000
211.000000
88.000000
222.500000
211.000000
123.000000
108.000000
136.000000
119.500000
221.000000
243.000000
166.500000
198.000000
164.000000
209.500000
192.500000
98.000000
222.500000
450.000000
165.000000
111.000000
190.500000
70.000000
85.500000
80.500000
54.000000
319.000000
68.500000
209.000000
102.000000
91.500000
33.000000
51.500000
48.500000
39.500000
58.500000
83.500000
49.000000
75.500000
45.000000
58.500000
75.500000
46.000000
43.000000
86.500000
63.500000
43.500000
56.000000
66.000000
47.000000
39.500000
38.000000
87.500000
68.500000
84.500000
45.000000
67.000000
60.000000
58.500000
84.000000
45.500000
47.500000
39.000000
87.000000
95.000000
46.500000
45.500000
55.500000
