546.000000
523.000000
519.500000
102.500000
514.000000
518.000000
43.500000
29.000000
56.500000
43.000000
26.500000
30.000000
49.000000
28.000000
33.500000
37.000000
30.000000
30.500000
55.500000
24.500000
25.500000
31.500000
31.500000
30.000000
28.500000
24.000000
27.000000
27.000000
27.500000
23.500000
32.500000
26.000000
28.500000
25.500000
25.500000
26.000000
25.000000
23.500000
28.500000
29.500000
24.000000
27.000000
26.000000
25.500000
26.500000
28.000000
26.000000
26.500000
28.500000
25.500000
27.500000
26.000000
27.500000
26.500000
25.000000
27.500000
25.000000
30.000000
26.500000
23.000000
28.000000
29.500000
26.500000
25.500000
27.000000
25.000000
27.000000
28.500000
27.000000
24.500000
24.500000
24.500000
26.000000
26.500000
28.000000
26.000000
28.000000
24.000000
26.000000
27.000000
26.500000
28.000000
27.000000
27.000000
28.500000
25.000000
26.000000
25.500000
23.500000
26.000000
26.000000
30.500000
24.500000
27.500000
25.000000
26.000000
25.000000
27.500000
30.000000
26.000000
