12.000000
13.000000
13.500000
13.500000
13.500000
13.000000
13.500000
14.000000
14.000000
13.500000
14.000000
14.000000
14.000000
14.000000
13.500000
14.000000
13.500000
14.000000
13.000000
14.000000
13.500000
13.500000
13.000000
14.000000
14.000000
14.000000
14.000000
14.000000
14.000000
13.500000
14.000000
14.000000
14.000000
14.000000
14.000000
14.000000
14.000000
14.000000
14.000000
14.000000
13.500000
14.000000
14.000000
14.000000
14.000000
14.000000
14.000000
13.500000
14.000000
14.000000
14.000000
14.000000
14.000000
14.000000
14.000000
14.000000
14.000000
14.000000
14.000000
14.000000
14.000000
14.000000
14.000000
14.000000
14.000000
14.000000
14.000000
14.000000
14.000000
14.000000
14.000000
14.000000
14.000000
14.000000
14.000000
14.000000
14.000000
14.000000
14.000000
14.000000
14.000000
14.000000
14.000000
14.000000
14.000000
14.000000
14.000000
14.000000
14.000000
14.000000
14.000000
14.000000
14.000000
14.000000
14.000000
14.000000
14.000000
14.000000
14.000000
14.000000