1.500000
2.500000
2.000000
3.000000
3.000000
4.000000
4.500000
4.500000
5.000000
5.500000
5.000000
4.000000
4.500000
4.500000
4.000000
3.500000
4.000000
4.500000
4.000000
4.500000
3.500000
4.500000
4.500000
4.500000
4.500000
4.500000
5.500000
5.000000
5.500000
4.500000
5.000000
5.500000
5.000000
5.000000
4.500000
5.000000
5.000000
4.500000
5.000000
4.500000
5.000000
4.500000
4.500000
5.000000
5.000000
5.000000
4.500000
5.000000
5.500000
5.500000
4.500000
5.500000
6.000000
5.000000
5.500000
5.500000
6.000000
5.500000
6.000000
6.000000
6.000000
5.500000
6.000000
6.000000
6.000000
6.000000
5.500000
6.000000
6.000000
5.500000
6.000000
6.000000
5.500000
6.000000
6.000000
6.000000
6.000000
5.500000
6.000000
5.500000
6.000000
6.500000
6.000000
6.500000
6.000000
5.500000
6.000000
6.000000
6.000000
5.500000
6.000000
5.500000
6.000000
6.500000
6.500000
6.000000
6.000000
6.500000
6.500000
6.000000
