-25380.000000
-35640.000000
-11440.000000
-12800.000000
-13170.000000
-19510.000000
-21830.000000
-27070.000000
-10600.000000
-3950.000000
-4720.000000
-4340.000000
-6590.000000
-4030.000000
-7770.000000
-6350.000000
-6410.000000
-5640.000000
-7390.000000
-5770.000000
-11700.000000
-13560.000000
-4910.000000
-27330.000000
-14420.000000
-9490.000000
-5140.000000
-6850.000000
-8370.000000
-9250.000000
-14340.000000
-10850.000000
-7880.000000
-8620.000000
-2260.000000
-9640.000000
-8800.000000
-3930.000000
-3480.000000
-4860.000000
-3850.000000
-9640.000000
-10130.000000
-6710.000000
-8150.000000
-6600.000000
-8840.000000
-7650.000000
-3140.000000
-9260.000000
-21510.000000
-6310.000000
-3450.000000
-7610.000000
-1360.000000
-2230.000000
-2020.000000
-640.000000
-14940.000000
-1300.000000
-8590.000000
-3310.000000
-2990.000000
470.000000
-660.000000
-400.000000
100.000000
-830.000000
-2400.000000
-400.000000
-1880.000000
-170.000000
-820.000000
-1880.000000
-240.000000
-160.000000
-2600.000000
-1130.000000
-130.000000
-960.000000
-1420.000000
-320.000000
150.000000
190.000000
-2380.000000
-1460.000000
-2300.000000
-230.000000
-1370.000000
-1000.000000
-870.000000
-2290.000000
-220.000000
-170.000000
40.000000
-2630.000000
-2920.000000
-260.000000
-300.000000
-730.000000
