-89990.000000
-89840.000000
-89267.500000
-89932.500000
-89847.500000
-89232.500000
-88880.000000
-87787.500000
-89232.500000
-88950.000000
-89247.500000
-85780.000000
-89487.500000
-88137.500000
-89085.000000
-89155.000000
-89015.000000
-89262.500000
-89437.500000
-89127.500000
-87652.500000
-87522.500000
-89605.000000
-89567.500000
-89542.500000
-87325.000000
-41615.000000
-88700.000000
6730.000000
-84620.000000
-88720.000000
-41447.500000
-88170.000000
-89177.500000
-86382.500000
-89632.500000
-89535.000000
-88997.500000
-84452.500000
-84465.000000
-83760.000000
-39875.000000
-40730.000000
-88400.000000
-88347.500000
-88522.500000
-77742.500000
-80045.000000
-39355.000000
-84442.500000
-85952.500000
-87485.000000
-83705.000000
-84985.000000
-83937.500000
-86187.500000
-88937.500000
-35682.500000
-84075.000000
-87237.500000
-81670.000000
-81670.000000
-85037.500000
-86955.000000
-85567.500000
-85480.000000
-85700.000000
-81922.500000
-37697.500000
-87715.000000
-84595.000000
-88967.500000
-40670.000000
-84595.000000
-86577.500000
-81782.500000
-39582.500000
-83587.500000
-39322.500000
-84807.500000
-38737.500000
-40492.500000
-84952.500000
-38152.500000
-82567.500000
-37080.000000
-36625.000000
-37145.000000
-37047.500000
-86182.500000
-37957.500000
-86710.000000
-85017.500000
-38867.500000
-36007.500000
-82190.000000
-40817.500000
-39647.500000
-39062.500000
-39712.500000
