367.500000
-125.000000
15.000000
367.500000
512.500000
422.500000
435.000000
347.500000
545.000000
317.500000
542.500000
525.000000
535.000000
517.500000
450.000000
505.000000
455.000000
500.000000
562.500000
590.000000
497.500000
597.500000
527.500000
530.000000
562.500000
585.000000
525.000000
580.000000
612.500000
585.000000
592.500000
510.000000
550.000000
555.000000
620.000000
562.500000
577.500000
502.500000
552.500000
512.500000
587.500000
522.500000
527.500000
585.000000
575.000000
535.000000
545.000000
587.500000
575.000000
502.500000
615.000000
602.500000
610.000000
582.500000
592.500000
585.000000
595.000000
540.000000
575.000000
587.500000
622.500000
572.500000
557.500000
575.000000
552.500000
540.000000
615.000000
575.000000
590.000000
540.000000
610.000000
532.500000
580.000000
570.000000
605.000000
610.000000
607.500000
600.000000
537.500000
625.000000
590.000000
600.000000
572.500000
605.000000
592.500000
582.500000
577.500000
602.500000
610.000000
585.000000
585.000000
545.000000
627.500000
592.500000
625.000000
577.500000
617.500000
620.000000
580.000000
622.500000
