-89505.000000
-89395.000000
-89202.500000
-87002.500000
-87250.000000
-88185.000000
-88542.500000
-81695.000000
-86342.500000
-87030.000000
-85132.500000
-86617.500000
-84445.000000
-79110.000000
-85022.500000
-83070.000000
-85105.000000
-85737.500000
-87800.000000
-44460.000000
-87167.500000
-88130.000000
-86865.000000
-85737.500000
-86865.000000
-87800.000000
-85627.500000
-83537.500000
-87580.000000
-84830.000000
-85462.500000
-86782.500000
-88322.500000
-84967.500000
-82740.000000
-87030.000000
-85985.000000
-84445.000000
-87085.000000
-86150.000000
-87745.000000
-79715.000000
-83785.000000
-86645.000000
-84582.500000
-85600.000000
-85875.000000
-85930.000000
-84830.000000
-85297.500000
-85077.500000
-83262.500000
-85187.500000
-45505.000000
-88295.000000
-83895.000000
-84857.500000
-84060.000000
-87415.000000
-87140.000000
-87250.000000
-86810.000000
-85902.500000
-84170.000000
-87002.500000
-87442.500000
-83647.500000
-82685.000000
-83702.500000
-85710.000000
-80787.500000
-80292.500000
-82685.000000
-86260.000000
-86232.500000
-83950.000000
-82162.500000
-83070.000000
-83180.000000
-80897.500000
-80485.000000
-84390.000000
-85105.000000
-86040.000000
-79055.000000
-78972.500000
-84692.500000
-86122.500000
-80457.500000
-45010.000000
-83427.500000
-83317.500000
-83317.500000
-45202.500000
-85902.500000
-81255.000000
-46385.000000
-88020.000000
-44680.000000
-45807.500000
