275.000000
1227.500000
735.000000
1342.500000
1347.500000
1757.500000
2052.500000
2095.000000
2245.000000
2440.000000
2417.500000
2002.500000
2117.500000
2000.000000
1915.000000
1760.000000
1785.000000
1945.000000
1770.000000
1905.000000
1652.500000
2030.000000
2027.500000
1977.500000
1955.000000
2257.500000
2402.500000
2150.000000
2445.000000
2085.000000
2155.000000
2432.500000
2235.000000
2245.000000
2025.000000
2432.500000
2347.500000
2162.500000
2340.000000
2272.500000
2377.500000
2130.000000
2155.000000
2225.000000
2292.500000
2285.000000
2175.000000
2305.000000
2422.500000
2430.000000
2340.000000
2452.500000
2630.000000
2337.500000
2475.000000
2460.000000
2727.500000
2437.500000
2800.000000
2670.000000
2667.500000
2627.500000
2720.000000
2822.500000
2595.000000
2772.500000
2470.000000
2667.500000
2710.000000
2545.000000
2650.000000
2637.500000
2682.500000
2665.000000
2740.000000
2780.000000
2835.000000
2440.000000
2687.500000
2385.000000
2640.000000
2882.500000
2655.000000
2857.500000
2725.000000
2657.500000
2777.500000
2767.500000
2667.500000
2642.500000
2702.500000
2505.000000
3075.000000
2877.500000
2857.500000
2617.500000
2692.500000
3007.500000
3090.000000
2912.500000
