360.000000
95.000000
7.500000
-152.500000
252.500000
157.500000
257.500000
-210.000000
340.000000
342.500000
4405.000000
5352.500000
4870.000000
4695.000000
5377.500000
4400.000000
4937.500000
4182.500000
4537.500000
4947.500000
5022.500000
4930.000000
4712.500000
4852.500000
4135.000000
5030.000000
4030.000000
5387.500000
4455.000000
5125.000000
5570.000000
5405.000000
4787.500000
4842.500000
5305.000000
4832.500000
4605.000000
4947.500000
5170.000000
4560.000000
5435.000000
4607.500000
4670.000000
4922.500000
4950.000000
4725.000000
4310.000000
4600.000000
4102.500000
4615.000000
4677.500000
4502.500000
4040.000000
5205.000000
5162.500000
4855.000000
4230.000000
4515.000000
4882.500000
5367.500000
5272.500000
4550.000000
4777.500000
5017.500000
4745.000000
4465.000000
4630.000000
5432.500000
4932.500000
5810.000000
5355.000000
4375.000000
4715.000000
5157.500000
4210.000000
4397.500000
5035.000000
4640.000000
4227.500000
5002.500000
4900.000000
4337.500000
4852.500000
4640.000000
5312.500000
4725.000000
4865.000000
5412.500000
4717.500000
4307.500000
5232.500000
4367.500000
4985.000000
4925.000000
5022.500000
4797.500000
4842.500000
5132.500000
3885.000000
4530.000000
