1897.500000
1515.000000
3875.000000
3700.000000
5020.000000
5727.500000
6910.000000
8040.000000
7557.500000
8022.500000
7362.500000
6892.500000
8042.500000
7832.500000
6992.500000
8112.500000
6895.000000
8097.500000
7850.000000
6920.000000
7107.500000
7905.000000
6972.500000
8392.500000
7987.500000
7480.000000
8042.500000
7350.000000
6522.500000
7347.500000
6675.000000
7475.000000
5885.000000
6272.500000
6745.000000
7007.500000
6480.000000
6370.000000
6567.500000
6472.500000
6842.500000
7095.000000
6772.500000
7600.000000
7612.500000
6857.500000
6617.500000
6627.500000
7272.500000
6210.000000
6482.500000
7380.000000
6872.500000
8287.500000
6712.500000
7902.500000
7997.500000
7352.500000
7295.000000
6827.500000
7717.500000
7057.500000
8165.000000
7035.000000
7942.500000
8442.500000
7940.000000
7555.000000
8222.500000
8327.500000
7767.500000
7517.500000
7935.000000
7817.500000
7970.000000
7627.500000
7940.000000
8302.500000
7705.000000
7842.500000
7965.000000
7600.000000
7775.000000
8015.000000
7717.500000
8235.000000
7812.500000
7790.000000
7387.500000
7717.500000
7575.000000
8530.000000
8222.500000
8082.500000
7917.500000
8012.500000
7830.000000
7667.500000
8322.500000
8282.500000
