2832.500000
3250.000000
4452.500000
4347.500000
4680.000000
4830.000000
4540.000000
4245.000000
5347.500000
5510.000000
5107.500000
5225.000000
4622.500000
5592.500000
3977.500000
4415.000000
3837.500000
4102.500000
5720.000000
4705.000000
5015.000000
5152.500000
4890.000000
4772.500000
6070.000000
5675.000000
4810.000000
5042.500000
4570.000000
6187.500000
5110.000000
5472.500000
5237.500000
4255.000000
3847.500000
3927.500000
5120.000000
6242.500000
5855.000000
5185.000000
5310.000000
5332.500000
4650.000000
5362.500000
3855.000000
4067.500000
4977.500000
5015.000000
4670.000000
3525.000000
4117.500000
5580.000000
3767.500000
4272.500000
5465.000000
5392.500000
3872.500000
5622.500000
3407.500000
4395.000000
5190.000000
5177.500000
4710.000000
6255.000000
4262.500000
4487.500000
3497.500000
3742.500000
4562.500000
5007.500000
4542.500000
4697.500000
4140.000000
5252.500000
3440.000000
4460.000000
3617.500000
4087.500000
4472.500000
3960.000000
3550.000000
5335.000000
4487.500000
3745.000000
4012.500000
5057.500000
3980.000000
4815.000000
4700.000000
4035.000000
4350.000000
3457.500000
4085.000000
4885.000000
4400.000000
3750.000000
4920.000000
4130.000000
3325.000000
3382.500000
