2840.000000
4720.000000
5862.500000
3230.000000
4900.000000
5757.500000
5462.500000
4895.000000
5667.500000
4647.500000
4980.000000
5842.500000
5432.500000
4992.500000
5512.500000
5325.000000
5820.000000
6515.000000
6040.000000
5637.500000
5145.000000
6500.000000
6075.000000
6920.000000
6427.500000
6135.000000
6272.500000
5742.500000
6565.000000
6477.500000
6452.500000
5830.000000
5972.500000
6985.000000
6097.500000
6705.000000
6912.500000
6827.500000
6357.500000
7492.500000
7322.500000
5847.500000
6795.000000
5455.000000
6990.000000
7377.500000
6790.000000
7370.000000
6325.000000
7067.500000
6490.000000
7077.500000
6535.000000
5835.000000
5920.000000
6347.500000
6550.000000
6252.500000
6427.500000
6607.500000
5950.000000
5200.000000
6025.000000
7300.000000
7227.500000
7645.000000
6827.500000
5940.000000
5605.000000
6422.500000
6020.000000
5337.500000
5935.000000
5680.000000
5345.000000
6647.500000
5210.000000
6970.000000
3962.500000
5477.500000
6665.000000
6022.500000
4702.500000
5387.500000
6850.000000
5752.500000
5840.000000
6220.000000
4802.500000
6187.500000
6107.500000
4665.000000
5195.000000
6385.000000
5257.500000
7550.000000
6057.500000
6335.000000
5385.000000
5565.000000
