3560.000000
2757.500000
3937.500000
6780.000000
6240.000000
6535.000000
6372.500000
5945.000000
4567.500000
4885.000000
4835.000000
6307.500000
6352.500000
6500.000000
6605.000000
5835.000000
7177.500000
6977.500000
7450.000000
6937.500000
7002.500000
6907.500000
5977.500000
7195.000000
7552.500000
7170.000000
7257.500000
7235.000000
6912.500000
7567.500000
7135.000000
7650.000000
7530.000000
7760.000000
8162.500000
7832.500000
7710.000000
7692.500000
7417.500000
7922.500000
8410.000000
7610.000000
8227.500000
7832.500000
8167.500000
7837.500000
7672.500000
7035.000000
7477.500000
7875.000000
7590.000000
7242.500000
8282.500000
7532.500000
6417.500000
7145.000000
7700.000000
7162.500000
7587.500000
7572.500000
7270.000000
7305.000000
7942.500000
7180.000000
8145.000000
8027.500000
7080.000000
7485.000000
7810.000000
7835.000000
7552.500000
7737.500000
7527.500000
7132.500000
8082.500000
7812.500000
7412.500000
8112.500000
7845.000000
8105.000000
8005.000000
8140.000000
7720.000000
7867.500000
6997.500000
7830.000000
7777.500000
7947.500000
8380.000000
8207.500000
7605.000000
7745.000000
8302.500000
8415.000000
7862.500000
8322.500000
8792.500000
8407.500000
8465.000000
8025.000000
