4350.000000
4417.500000
6032.500000
4822.500000
5965.000000
4212.500000
6385.000000
5867.500000
5215.000000
5915.000000
5370.000000
6427.500000
6500.000000
6202.500000
6367.500000
5727.500000
6877.500000
6897.500000
6550.000000
7677.500000
6377.500000
7150.000000
6840.000000
6992.500000
7165.000000
7300.000000
7230.000000
6385.000000
7157.500000
7912.500000
6075.000000
7835.000000
7930.000000
6760.000000
8197.500000
6727.500000
8302.500000
7637.500000
7445.000000
7460.000000
7992.500000
7480.000000
7745.000000
7762.500000
7242.500000
7945.000000
7782.500000
7870.000000
7682.500000
6320.000000
6765.000000
7517.500000
6430.000000
7447.500000
8025.000000
6877.500000
6885.000000
7225.000000
7315.000000
6972.500000
5795.000000
6952.500000
7322.500000
7202.500000
7345.000000
7565.000000
8337.500000
5012.500000
8117.500000
7165.000000
6227.500000
7430.000000
7427.500000
6592.500000
6700.000000
6470.000000
7962.500000
8005.000000
7772.500000
7112.500000
6032.500000
6297.500000
5987.500000
5912.500000
6135.000000
7050.000000
6595.000000
6850.000000
6677.500000
6125.000000
6532.500000
6292.500000
7582.500000
6837.500000
5742.500000
4780.000000
7252.500000
4765.000000
7142.500000
6540.000000
