-172.500000
-77.500000
-7.500000
347.500000
-350.000000
805.000000
897.500000
1337.500000
1370.000000
427.500000
1302.500000
190.000000
977.500000
1372.500000
1625.000000
1887.500000
1925.000000
2115.000000
1707.500000
1750.000000
1642.500000
2002.500000
1752.500000
2715.000000
1295.000000
1477.500000
1175.000000
2082.500000
1937.500000
1247.500000
1507.500000
1535.000000
1330.000000
1655.000000
1665.000000
1852.500000
1735.000000
1640.000000
835.000000
1615.000000
1602.500000
1690.000000
1162.500000
1127.500000
1315.000000
1460.000000
1345.000000
1532.500000
2105.000000
1460.000000
1515.000000
1287.500000
2005.000000
1937.500000
1582.500000
1400.000000
1060.000000
1712.500000
1437.500000
1495.000000
1530.000000
1825.000000
1462.500000
1967.500000
1792.500000
2062.500000
1740.000000
1905.000000
1782.500000
1960.000000
2062.500000
1447.500000
2430.000000
1972.500000
2052.500000
1702.500000
2220.000000
1597.500000
1807.500000
1895.000000
1930.000000
1455.000000
1750.000000
1585.000000
2260.000000
2185.000000
2195.000000
2077.500000
2560.000000
2232.500000
2017.500000
2547.500000
2020.000000
2332.500000
1722.500000
2430.000000
2370.000000
2252.500000
1950.000000
2057.500000
