1085.000000
2631.666667
3356.666667
3011.666667
3326.666667
5115.000000
5513.333333
6140.000000
7106.666667
7195.000000
7033.333333
7210.000000
6836.666667
6660.000000
6568.333333
5348.333333
5783.333333
5585.000000
5525.000000
4955.000000
5801.666667
4976.666667
5456.666667
5610.000000
5438.333333
4676.666667
5991.666667
4888.333333
5898.333333
5668.333333
6293.333333
6203.333333
6466.666667
6666.666667
6541.666667
7330.000000
6911.666667
7028.333333
6626.666667
7256.666667
7313.333333
7273.333333
7411.666667
7676.666667
7775.000000
8400.000000
7656.666667
8018.333333
7851.666667
7570.000000
8056.666667
7718.333333
7246.666667
8055.000000
7745.000000
7603.333333
7215.000000
8093.333333
7600.000000
7733.333333
7371.666667
7363.333333
7543.333333
7681.666667
7366.666667
7271.666667
7376.666667
8291.666667
7556.666667
8186.666667
8198.333333
7961.666667
7833.333333
7905.000000
7971.666667
7878.333333
7565.000000
6968.333333
7900.000000
8006.666667
7581.666667
8198.333333
8120.000000
8078.333333
7785.000000
7700.000000
7893.333333
8373.333333
7495.000000
7276.666667
7801.666667
8295.000000
8050.000000
8176.666667
8540.000000
8235.000000
7798.333333
7545.000000
7883.333333
7778.333333
