560.000000
2276.666667
3475.000000
3785.000000
6323.333333
6678.333333
6775.000000
6936.666667
6713.333333
5946.666667
5978.333333
6625.000000
6513.333333
6336.666667
7461.666667
7058.333333
6991.666667
7078.333333
7781.666667
7636.666667
7625.000000
7930.000000
8388.333333
7313.333333
8041.666667
8125.000000
8240.000000
8230.000000
8478.333333
8086.666667
8061.666667
7536.666667
8023.333333
8100.000000
8253.333333
8208.333333
8013.333333
8215.000000
7921.666667
8418.333333
8473.333333
7405.000000
8426.666667
7710.000000
8015.000000
8353.333333
8385.000000
8385.000000
7923.333333
8063.333333
8713.333333
8153.333333
8206.666667
8313.333333
7943.333333
8400.000000
8333.333333
8056.666667
8646.666667
8623.333333
8103.333333
7983.333333
8698.333333
8370.000000
8518.333333
8868.333333
8540.000000
8421.666667
8695.000000
8450.000000
8203.333333
8796.666667
8290.000000
8663.333333
8840.000000
8585.000000
8435.000000
7975.000000
8691.666667
8600.000000
8341.666667
8770.000000
8320.000000
8721.666667
8481.666667
8590.000000
8320.000000
8150.000000
8166.666667
8696.666667
8331.666667
8785.000000
8416.666667
9163.333333
8320.000000
8953.333333
8610.000000
8541.666667
9278.333333
8233.333333
