270.000000
202.500000
1147.500000
1302.500000
1277.500000
1125.000000
652.500000
60.000000
2737.500000
2562.500000
2802.500000
3055.000000
4902.500000
4257.500000
4810.000000
5112.500000
4725.000000
5882.500000
6930.000000
8350.000000
7782.500000
7947.500000
7627.500000
7802.500000
7327.500000
8160.000000
7497.500000
7625.000000
7447.500000
7440.000000
7630.000000
7815.000000
7710.000000
7997.500000
7930.000000
7427.500000
6682.500000
5682.500000
5510.000000
7010.000000
6435.000000
6230.000000
6372.500000
6912.500000
6677.500000
7180.000000
6182.500000
6157.500000
6580.000000
6250.000000
6632.500000
7137.500000
6622.500000
6850.000000
7357.500000
6795.000000
7505.000000
6985.000000
7122.500000
7472.500000
7357.500000
7572.500000
7452.500000
7652.500000
7002.500000
7805.000000
7610.000000
7507.500000
8017.500000
7675.000000
7505.000000
7147.500000
7625.000000
8307.500000
7660.000000
7715.000000
7150.000000
7932.500000
7215.000000
7322.500000
7025.000000
8075.000000
7957.500000
7465.000000
7362.500000
8100.000000
7980.000000
7797.500000
7197.500000
7837.500000
7747.500000
7430.000000
8105.000000
7817.500000
8055.000000
8072.500000
7422.500000
7460.000000
8342.500000
7357.500000
