137.500000
175.000000
1610.000000
2890.000000
2360.000000
2027.500000
2005.000000
4360.000000
3975.000000
6132.500000
5270.000000
5612.500000
5075.000000
5000.000000
5517.500000
7125.000000
6850.000000
5910.000000
7940.000000
7755.000000
6972.500000
7585.000000
7697.500000
7030.000000
7180.000000
7217.500000
7590.000000
7085.000000
7290.000000
7400.000000
7592.500000
7120.000000
7060.000000
7587.500000
7632.500000
7407.500000
7837.500000
7672.500000
7417.500000
7080.000000
8072.500000
7305.000000
7477.500000
7577.500000
6482.500000
7890.000000
7682.500000
8322.500000
8227.500000
7650.000000
7182.500000
7302.500000
7562.500000
8260.000000
7577.500000
7475.000000
8797.500000
7837.500000
8212.500000
6512.500000
8180.000000
8135.000000
8267.500000
7862.500000
7732.500000
7875.000000
7520.000000
7477.500000
7185.000000
7287.500000
6580.000000
7352.500000
7720.000000
6967.500000
7310.000000
7970.000000
6742.500000
5417.500000
7275.000000
6562.500000
6002.500000
7462.500000
6497.500000
8052.500000
7522.500000
8212.500000
6587.500000
6707.500000
8295.000000
8512.500000
7002.500000
6780.000000
6185.000000
7490.000000
6470.000000
6335.000000
6730.000000
7182.500000
6035.000000
7515.000000
