1372.500000
3057.500000
2295.000000
3410.000000
4870.000000
6310.000000
6452.500000
6605.000000
7242.500000
6092.500000
6860.000000
6207.500000
6220.000000
5882.500000
6940.000000
6015.000000
6540.000000
5922.500000
6365.000000
7670.000000
6210.000000
6035.000000
6900.000000
5460.000000
6005.000000
7347.500000
6445.000000
5562.500000
6172.500000
5180.000000
5122.500000
6277.500000
6607.500000
5890.000000
6975.000000
6257.500000
7352.500000
7465.000000
6672.500000
7422.500000
6947.500000
6372.500000
7670.000000
7552.500000
7107.500000
6357.500000
7085.000000
6845.000000
6707.500000
6630.000000
5580.000000
7152.500000
7220.000000
6485.000000
6097.500000
7545.000000
6430.000000
6970.000000
7387.500000
6710.000000
8385.000000
8232.500000
7872.500000
7715.000000
6877.500000
8135.000000
7885.000000
7890.000000
8392.500000
7995.000000
6360.000000
8232.500000
8077.500000
7587.500000
8430.000000
8227.500000
7555.000000
6887.500000
7612.500000
8345.000000
8107.500000
8082.500000
8532.500000
7815.000000
7995.000000
8265.000000
7910.000000
8427.500000
8397.500000
8057.500000
7845.000000
7582.500000
7795.000000
7955.000000
8112.500000
8105.000000
8620.000000
7435.000000
8647.500000
8460.000000
