106.666667
80.000000
68.333333
121.666667
225.000000
116.666667
771.666667
750.000000
961.666667
1391.666667
1500.000000
1338.333333
1561.666667
1563.333333
1566.666667
1110.000000
1146.666667
921.666667
1033.333333
1173.333333
1240.000000
895.000000
1008.333333
1286.666667
1018.333333
1705.000000
1391.666667
1838.333333
1203.333333
1761.666667
1463.333333
2210.000000
2321.666667
2178.333333
1873.333333
2561.666667
2340.000000
2170.000000
3648.333333
3600.000000
3573.333333
4013.333333
3855.000000
4060.000000
4065.000000
4150.000000
4306.666667
4673.333333
4720.000000
4136.666667
4533.333333
5261.666667
4716.666667
4190.000000
3613.333333
3626.666667
4230.000000
3995.000000
4201.666667
4338.333333
4103.333333
4865.000000
4516.666667
5155.000000
4583.333333
4990.000000
4848.333333
4911.666667
5683.333333
5708.333333
5483.333333
5608.333333
5388.333333
5326.666667
5665.000000
4993.333333
5666.666667
5020.000000
5106.666667
5391.666667
4875.000000
4618.333333
4890.000000
3968.333333
4821.666667
4953.333333
4710.000000
5156.666667
5086.666667
6620.000000
5821.666667
5343.333333
5693.333333
5173.333333
5268.333333
5320.000000
4896.666667
5636.666667
6063.333333
6033.333333
