-37.500000
760.000000
2075.000000
2057.500000
3472.500000
5627.500000
7435.000000
7377.500000
7860.000000
7900.000000
7882.500000
7950.000000
7847.500000
6982.500000
7212.500000
7505.000000
7460.000000
7510.000000
7367.500000
7417.500000
7697.500000
7447.500000
7272.500000
7405.000000
7107.500000
8042.500000
7870.000000
7952.500000
8072.500000
8290.000000
7350.000000
7727.500000
7537.500000
8255.000000
7207.500000
6700.000000
7112.500000
7767.500000
7997.500000
6880.000000
7325.000000
8152.500000
7647.500000
7795.000000
8105.000000
7387.500000
8120.000000
7682.500000
7692.500000
7967.500000
7617.500000
8272.500000
8285.000000
8392.500000
8667.500000
8287.500000
8455.000000
8357.500000
8052.500000
8420.000000
8825.000000
8915.000000
8620.000000
8675.000000
8697.500000
8560.000000
8737.500000
8642.500000
9205.000000
9265.000000
8807.500000
8532.500000
8065.000000
8782.500000
7955.000000
7780.000000
8440.000000
8555.000000
8240.000000
8515.000000
8807.500000
8947.500000
8602.500000
8260.000000
8525.000000
7707.500000
8197.500000
8327.500000
8992.500000
8152.500000
7945.000000
8385.000000
8827.500000
7925.000000
7630.000000
8630.000000
7625.000000
7967.500000
8127.500000
8650.000000
