205.000000
180.000000
96.666667
136.666667
446.666667
90.000000
243.333333
193.333333
858.333333
600.000000
1171.666667
253.333333
513.333333
1031.666667
743.333333
1968.333333
966.666667
590.000000
1591.666667
938.333333
401.666667
1443.333333
828.333333
845.000000
970.000000
790.000000
518.333333
431.666667
863.333333
358.333333
463.333333
881.666667
266.666667
746.666667
543.333333
648.333333
861.666667
785.000000
345.000000
308.333333
655.000000
396.666667
1148.333333
301.666667
201.666667
658.333333
1333.333333
-20.000000
826.666667
898.333333
185.000000
80.000000
1103.333333
645.000000
16.666667
470.000000
1210.000000
1088.333333
50.000000
1061.666667
863.333333
223.333333
136.666667
1311.666667
150.000000
713.333333
578.333333
-38.333333
971.666667
1450.000000
846.666667
756.666667
1671.666667
356.666667
780.000000
321.666667
2378.333333
501.666667
1295.000000
968.333333
-90.000000
641.666667
1180.000000
223.333333
548.333333
945.000000
1236.666667
206.666667
596.666667
1101.666667
131.666667
1175.000000
1603.333333
310.000000
1368.333333
346.666667
406.666667
1035.000000
441.666667
550.000000
