1832.500000
4177.500000
6725.000000
6110.000000
5530.000000
6852.500000
7415.000000
7200.000000
6725.000000
6427.500000
5877.500000
6245.000000
6650.000000
6882.500000
7832.500000
6325.000000
4930.000000
7250.000000
7777.500000
7117.500000
7522.500000
7627.500000
7255.000000
6852.500000
7197.500000
8300.000000
7517.500000
7192.500000
7142.500000
7465.000000
7897.500000
6690.000000
7045.000000
8440.000000
6502.500000
6310.000000
7130.000000
8032.500000
7987.500000
7545.000000
7095.000000
7477.500000
6755.000000
6855.000000
8030.000000
8005.000000
6662.500000
7590.000000
6295.000000
6692.500000
6120.000000
7415.000000
7232.500000
8545.000000
7175.000000
8457.500000
7280.000000
8590.000000
6465.000000
7800.000000
7750.000000
5330.000000
8545.000000
6060.000000
5980.000000
7637.500000
8567.500000
7402.500000
6382.500000
7507.500000
7885.000000
7930.000000
8277.500000
7360.000000
7515.000000
7900.000000
5970.000000
5027.500000
7377.500000
6080.000000
6887.500000
5055.000000
6470.000000
5995.000000
4732.500000
6270.000000
8630.000000
7422.500000
6710.000000
7037.500000
7177.500000
7195.000000
5142.500000
7125.000000
5737.500000
6827.500000
6512.500000
4625.000000
4495.000000
6865.000000
