1370.000000
4080.000000
4290.000000
4337.500000
6107.500000
6977.500000
6890.000000
7335.000000
6597.500000
6760.000000
6972.500000
6512.500000
7110.000000
6042.500000
6000.000000
6707.500000
5982.500000
6297.500000
6690.000000
5830.000000
6240.000000
6670.000000
6922.500000
6607.500000
6630.000000
6595.000000
6845.000000
7202.500000
6117.500000
7310.000000
7105.000000
7452.500000
7030.000000
6607.500000
7717.500000
6932.500000
7625.000000
7465.000000
8265.000000
7360.000000
7240.000000
8332.500000
6880.000000
7502.500000
8052.500000
6857.500000
8092.500000
6377.500000
7452.500000
7497.500000
6790.000000
7725.000000
7220.000000
6055.000000
7717.500000
7580.000000
8742.500000
7955.000000
7430.000000
8412.500000
8412.500000
8625.000000
8165.000000
7605.000000
8420.000000
8317.500000
8030.000000
8050.000000
8330.000000
9042.500000
8247.500000
8637.500000
8167.500000
8865.000000
8542.500000
8895.000000
8355.000000
8462.500000
8412.500000
8380.000000
9025.000000
8380.000000
8907.500000
9025.000000
9057.500000
8955.000000
8525.000000
8525.000000
8305.000000
9195.000000
8960.000000
8117.500000
8530.000000
9120.000000
9137.500000
8382.500000
8285.000000
8602.500000
8577.500000
8270.000000
