-140.000000
2280.000000
5015.000000
5257.500000
6095.000000
6925.000000
6935.000000
7810.000000
7267.500000
7707.500000
5352.500000
5342.500000
5717.500000
5720.000000
5710.000000
4757.500000
3712.500000
5367.500000
4852.500000
4625.000000
5480.000000
6522.500000
5367.500000
7042.500000
5607.500000
4522.500000
5135.000000
6500.000000
4765.000000
5532.500000
6605.000000
6977.500000
7020.000000
6982.500000
5790.000000
7472.500000
6895.000000
6725.000000
7387.500000
6875.000000
7037.500000
7855.000000
7797.500000
7635.000000
7120.000000
7542.500000
7320.000000
7132.500000
7057.500000
6580.000000
7750.000000
7137.500000
6277.500000
6987.500000
8052.500000
8592.500000
8390.000000
7132.500000
7602.500000
8482.500000
7522.500000
6862.500000
6932.500000
7205.000000
7022.500000
7575.000000
7862.500000
6467.500000
7395.000000
8645.000000
7237.500000
7357.500000
8685.000000
7162.500000
6577.500000
6365.000000
7305.000000
7987.500000
8017.500000
7920.000000
6682.500000
8537.500000
8087.500000
6877.500000
7322.500000
6597.500000
5317.500000
6075.000000
5390.000000
6975.000000
7067.500000
6945.000000
7227.500000
7427.500000
7387.500000
6840.000000
8632.500000
7815.000000
8192.500000
7345.000000
