280.000000
782.500000
1890.000000
745.000000
3777.500000
3512.500000
5045.000000
5155.000000
5422.500000
6217.500000
6800.000000
6832.500000
6675.000000
7067.500000
6757.500000
7315.000000
7022.500000
7715.000000
7860.000000
8252.500000
7992.500000
8127.500000
7445.000000
7305.000000
7262.500000
7857.500000
7935.000000
7562.500000
6987.500000
7200.000000
6722.500000
7527.500000
6572.500000
7252.500000
7485.000000
7812.500000
7440.000000
6770.000000
7817.500000
7460.000000
7490.000000
7880.000000
7492.500000
7390.000000
7755.000000
7307.500000
7825.000000
8292.500000
7857.500000
7825.000000
8000.000000
7960.000000
8165.000000
7945.000000
7765.000000
7650.000000
7337.500000
7857.500000
8367.500000
7707.500000
7902.500000
8005.000000
7455.000000
7830.000000
7722.500000
8170.000000
7272.500000
7920.000000
8090.000000
7807.500000
7405.000000
8065.000000
7457.500000
7575.000000
7937.500000
7450.000000
7617.500000
7640.000000
7065.000000
7795.000000
8062.500000
7025.000000
7627.500000
7560.000000
7665.000000
7672.500000
7825.000000
7932.500000
7535.000000
7725.000000
7975.000000
7370.000000
8430.000000
7435.000000
7827.500000
7635.000000
8430.000000
8472.500000
7177.500000
7867.500000
