67.500000
802.500000
1130.000000
1847.500000
4347.500000
7497.500000
8210.000000
6992.500000
7375.000000
7397.500000
7050.000000
7397.500000
6427.500000
6892.500000
6025.000000
6780.000000
5537.500000
6355.000000
5472.500000
5355.000000
5965.000000
6570.000000
5710.000000
6095.000000
6125.000000
5825.000000
6695.000000
6442.500000
7110.000000
7000.000000
6840.000000
6507.500000
6662.500000
7537.500000
7375.000000
7920.000000
7652.500000
7150.000000
7565.000000
6947.500000
5437.500000
6925.000000
7075.000000
6142.500000
6527.500000
6700.000000
5207.500000
5515.000000
6182.500000
6060.000000
6627.500000
5970.000000
6980.000000
6812.500000
6852.500000
6847.500000
7042.500000
6267.500000
7607.500000
6322.500000
6230.000000
6862.500000
7192.500000
6210.000000
7980.000000
7730.000000
6520.000000
7590.000000
6925.000000
6462.500000
6530.000000
7287.500000
6605.000000
7700.000000
6577.500000
6532.500000
6645.000000
7072.500000
6442.500000
7385.000000
7392.500000
6745.000000
7732.500000
7942.500000
8065.000000
8012.500000
7912.500000
7997.500000
7912.500000
7395.000000
8000.000000
8012.500000
7990.000000
8237.500000
7645.000000
7915.000000
7722.500000
7615.000000
7617.500000
8392.500000
