1286.666667
2636.666667
2830.000000
2531.666667
2793.333333
2426.666667
3303.333333
2386.666667
2735.000000
2036.666667
2745.000000
3228.333333
3515.000000
4971.666667
4543.333333
4831.666667
3710.000000
3206.666667
4458.333333
4863.333333
5686.666667
5315.000000
6350.000000
6090.000000
6608.333333
6638.333333
6408.333333
7826.666667
7353.333333
7321.666667
7081.666667
8153.333333
7795.000000
7575.000000
7353.333333
7546.666667
6528.333333
7016.666667
7178.333333
6825.000000
6471.666667
6508.333333
6901.666667
6895.000000
6903.333333
5830.000000
5838.333333
5951.666667
5703.333333
6040.000000
6030.000000
6201.666667
6421.666667
6361.666667
6203.333333
5798.333333
6255.000000
6760.000000
6678.333333
6770.000000
6663.333333
6641.666667
6461.666667
6916.666667
6918.333333
7296.666667
6511.666667
6898.333333
7043.333333
6556.666667
6541.666667
7086.666667
7161.666667
7008.333333
6901.666667
7156.666667
7078.333333
6643.333333
6548.333333
6818.333333
7120.000000
7176.666667
7070.000000
6783.333333
6958.333333
7256.666667
6765.000000
7081.666667
7176.666667
6651.666667
7113.333333
6651.666667
7198.333333
6913.333333
7421.666667
6691.666667
7190.000000
7031.666667
7423.333333
6571.666667
