1687.500000
1777.500000
2130.000000
2575.000000
5585.000000
4485.000000
4072.500000
3785.000000
5302.500000
5440.000000
6470.000000
4487.500000
5435.000000
4637.500000
5495.000000
4970.000000
5987.500000
6557.500000
6147.500000
6867.500000
7415.000000
6822.500000
6985.000000
7167.500000
6487.500000
7910.000000
7242.500000
7840.000000
6925.000000
7937.500000
7672.500000
8297.500000
8697.500000
8250.000000
7952.500000
7735.000000
7697.500000
7127.500000
7335.000000
6915.000000
7400.000000
7732.500000
7705.000000
7825.000000
8455.000000
7690.000000
7527.500000
8005.000000
7370.000000
7880.000000
7530.000000
7205.000000
7405.000000
7475.000000
8077.500000
7485.000000
7972.500000
8007.500000
8270.000000
7797.500000
8587.500000
7475.000000
7925.000000
8155.000000
8380.000000
8230.000000
7655.000000
7215.000000
8335.000000
7125.000000
8675.000000
6990.000000
8125.000000
8312.500000
8482.500000
8480.000000
8662.500000
8007.500000
8267.500000
8022.500000
8012.500000
8707.500000
9255.000000
8785.000000
8235.000000
8127.500000
8060.000000
8430.000000
8547.500000
8725.000000
8182.500000
8682.500000
8460.000000
9130.000000
8410.000000
7467.500000
9185.000000
8575.000000
8507.500000
8517.500000
