6055.000000
4140.000000
4032.500000
4362.500000
4087.500000
4112.500000
4725.000000
5452.500000
5600.000000
5907.500000
5295.000000
6402.500000
5890.000000
5762.500000
7567.500000
5665.000000
6285.000000
6532.500000
5945.000000
6227.500000
4087.500000
4667.500000
4620.000000
6040.000000
5172.500000
5155.000000
5062.500000
4957.500000
6550.000000
5310.000000
5960.000000
5757.500000
6020.000000
4880.000000
6005.000000
5732.500000
6065.000000
5890.000000
5165.000000
6212.500000
5620.000000
5997.500000
4987.500000
5857.500000
5805.000000
5135.000000
5357.500000
5337.500000
5455.000000
5685.000000
6772.500000
7522.500000
6170.000000
6817.500000
7177.500000
5202.500000
5915.000000
6875.000000
5027.500000
5515.000000
5935.000000
6205.000000
7597.500000
5310.000000
6090.000000
5462.500000
5355.000000
5450.000000
5522.500000
5315.000000
5987.500000
6762.500000
6067.500000
4890.000000
5855.000000
6772.500000
5990.000000
5662.500000
4902.500000
6900.000000
6475.000000
5255.000000
6917.500000
7272.500000
4560.000000
6177.500000
4830.000000
6880.000000
5712.500000
4800.000000
4580.000000
5710.000000
5770.000000
5175.000000
6600.000000
5652.500000
4840.000000
5590.000000
6905.000000
5110.000000
