3850.000000
3465.000000
5465.000000
4915.000000
4717.500000
4792.500000
5295.000000
4637.500000
5820.000000
5267.500000
4310.000000
5590.000000
5647.500000
4410.000000
5090.000000
6010.000000
5547.500000
6462.500000
6597.500000
4395.000000
6132.500000
6517.500000
3825.000000
5135.000000
3547.500000
4922.500000
5182.500000
6175.000000
4797.500000
6110.000000
6135.000000
5727.500000
4592.500000
3890.000000
4687.500000
6232.500000
5317.500000
5197.500000
5057.500000
4365.000000
5345.000000
6150.000000
4865.000000
4825.000000
4687.500000
5577.500000
4860.000000
4697.500000
5370.000000
4777.500000
5215.000000
4532.500000
4615.000000
5090.000000
3962.500000
4597.500000
5717.500000
4645.000000
5192.500000
4197.500000
4922.500000
4712.500000
4652.500000
4617.500000
5725.000000
5135.000000
4245.000000
4922.500000
4422.500000
4710.000000
4287.500000
4505.000000
4477.500000
4985.000000
5225.000000
4912.500000
4277.500000
5125.000000
5082.500000
4870.000000
4620.000000
4872.500000
5077.500000
5077.500000
5160.000000
4320.000000
4355.000000
4630.000000
4907.500000
4885.000000
4247.500000
4190.000000
4942.500000
4430.000000
4400.000000
4790.000000
5057.500000
4452.500000
4590.000000
5127.500000
