1595.000000
1380.000000
1000.000000
3817.500000
5975.000000
6522.500000
7095.000000
8340.000000
7972.500000
8025.000000
6625.000000
6787.500000
5540.000000
5557.500000
5505.000000
3897.500000
4165.000000
5360.000000
2562.500000
3372.500000
4635.000000
3922.500000
5137.500000
3257.500000
3057.500000
3275.000000
4685.000000
4430.000000
4935.000000
3897.500000
5610.000000
4895.000000
4047.500000
5130.000000
4872.500000
3867.500000
4552.500000
5850.000000
5995.000000
2507.500000
5897.500000
3665.000000
4075.000000
4240.000000
4582.500000
4570.000000
5820.000000
6905.000000
5822.500000
5532.500000
7197.500000
6007.500000
6100.000000
5047.500000
5465.000000
4542.500000
6797.500000
6932.500000
6667.500000
6607.500000
7410.000000
7637.500000
7132.500000
6235.000000
5262.500000
6700.000000
6695.000000
7157.500000
6822.500000
7385.000000
7655.000000
7272.500000
6605.000000
5967.500000
6982.500000
6122.500000
7075.000000
6535.000000
7695.000000
7122.500000
7702.500000
7912.500000
7500.000000
6467.500000
7657.500000
7515.000000
7655.000000
5820.000000
5690.000000
7457.500000
7102.500000
6810.000000
6382.500000
7052.500000
7360.000000
7380.000000
4542.500000
6967.500000
6587.500000
6970.000000
