-150.000000
3065.000000
4432.500000
5295.000000
4460.000000
6337.500000
6685.000000
6592.500000
6932.500000
5527.500000
5187.500000
6125.000000
6215.000000
6385.000000
6170.000000
6650.000000
6577.500000
6147.500000
7385.000000
7975.000000
7780.000000
7617.500000
7632.500000
8487.500000
7822.500000
8152.500000
8665.000000
8262.500000
7690.000000
8072.500000
8622.500000
8005.000000
8022.500000
8427.500000
8347.500000
7765.000000
8440.000000
7970.000000
7722.500000
7610.000000
7675.000000
7720.000000
8127.500000
7422.500000
6557.500000
7030.000000
6327.500000
7215.000000
7875.000000
7275.000000
7525.000000
7535.000000
8702.500000
7565.000000
8067.500000
8105.000000
7895.000000
8437.500000
8265.000000
7900.000000
8407.500000
8022.500000
8392.500000
8712.500000
8627.500000
7287.500000
7942.500000
8350.000000
8400.000000
9057.500000
8215.000000
8597.500000
7937.500000
8200.000000
8267.500000
8915.000000
8642.500000
8642.500000
7940.000000
8967.500000
8857.500000
8202.500000
8692.500000
8057.500000
8362.500000
8265.000000
7590.000000
8102.500000
8672.500000
8815.000000
8932.500000
8450.000000
8752.500000
8897.500000
8572.500000
8417.500000
8842.500000
8772.500000
8662.500000
8120.000000
