1450.000000
2412.500000
4595.000000
4962.500000
5370.000000
6667.500000
7252.500000
6832.500000
7487.500000
8170.000000
8472.500000
7957.500000
7812.500000
7147.500000
7415.000000
7640.000000
7507.500000
7552.500000
6760.000000
7655.000000
7685.000000
7842.500000
7785.000000
7202.500000
7102.500000
7965.000000
7482.500000
7697.500000
7130.000000
7750.000000
6562.500000
7595.000000
7770.000000
7297.500000
7270.000000
7820.000000
6567.500000
7710.000000
7322.500000
6772.500000
7977.500000
8012.500000
7697.500000
7485.000000
7820.000000
7387.500000
7645.000000
7115.000000
7837.500000
7400.000000
7297.500000
7802.500000
7960.000000
7670.000000
7647.500000
7442.500000
7242.500000
7552.500000
7335.000000
7675.000000
7567.500000
8015.000000
8275.000000
8542.500000
8092.500000
7515.000000
8277.500000
8222.500000
6807.500000
8360.000000
7887.500000
8332.500000
8532.500000
8412.500000
8082.500000
8467.500000
7967.500000
7617.500000
8560.000000
8172.500000
8445.000000
9260.000000
8190.000000
9452.500000
8512.500000
8447.500000
8090.000000
7682.500000
8120.000000
8467.500000
8320.000000
8760.000000
8407.500000
8702.500000
9010.000000
8975.000000
8435.000000
8897.500000
8972.500000
8770.000000
