-232.500000
400.000000
-2.500000
-30.000000
-62.500000
832.500000
2880.000000
4732.500000
4645.000000
4535.000000
5360.000000
4672.500000
5510.000000
5937.500000
6272.500000
5920.000000
7462.500000
7045.000000
7540.000000
8075.000000
7790.000000
7815.000000
7442.500000
7472.500000
7080.000000
7042.500000
7490.000000
7552.500000
6927.500000
5190.000000
5885.000000
5140.000000
5792.500000
5877.500000
5862.500000
5717.500000
6150.000000
5632.500000
6372.500000
5755.000000
6525.000000
6115.000000
6645.000000
6067.500000
6805.000000
6147.500000
6700.000000
6377.500000
6467.500000
6600.000000
6562.500000
6395.000000
6305.000000
6985.000000
7155.000000
6587.500000
6940.000000
6740.000000
6930.000000
6822.500000
6870.000000
7110.000000
6590.000000
6985.000000
6805.000000
6022.500000
6990.000000
6960.000000
6892.500000
7645.000000
6665.000000
6945.000000
6892.500000
6870.000000
7352.500000
6792.500000
7487.500000
7282.500000
7577.500000
7370.000000
7195.000000
7047.500000
7347.500000
7400.000000
7747.500000
7925.000000
7887.500000
7340.000000
7837.500000
8110.000000
7765.000000
8037.500000
8410.000000
7857.500000
8337.500000
8262.500000
8015.000000
7620.000000
8045.000000
8167.500000
