152.500000
3247.500000
2605.000000
4942.500000
6330.000000
6367.500000
6262.500000
7192.500000
7157.500000
7040.000000
7142.500000
6885.000000
6922.500000
7282.500000
6160.000000
6602.500000
6797.500000
6577.500000
6790.000000
7622.500000
7150.000000
7550.000000
7567.500000
6955.000000
7212.500000
7880.000000
7750.000000
7015.000000
6952.500000
7220.000000
6722.500000
6925.000000
7675.000000
7342.500000
7210.000000
7087.500000
7182.500000
7105.000000
7070.000000
7075.000000
7902.500000
6790.000000
7162.500000
6062.500000
7192.500000
6752.500000
7057.500000
6787.500000
6577.500000
7485.000000
6725.000000
7810.000000
7212.500000
7230.000000
7097.500000
7907.500000
8142.500000
8272.500000
7045.000000
7615.000000
7200.000000
7810.000000
7777.500000
8107.500000
7115.000000
7490.000000
7260.000000
7392.500000
7905.000000
7632.500000
7307.500000
7925.000000
6962.500000
7282.500000
8155.000000
7115.000000
7882.500000
7782.500000
7922.500000
7775.000000
7575.000000
7670.000000
8705.000000
7515.000000
8532.500000
7510.000000
7475.000000
8337.500000
8250.000000
7845.000000
7842.500000
7650.000000
8262.500000
8105.000000
7750.000000
8007.500000
7337.500000
7635.000000
7975.000000
8235.000000
