5400.000000
5227.500000
5862.500000
6567.500000
6365.000000
7040.000000
6340.000000
7297.500000
5562.500000
6910.000000
7032.500000
6840.000000
5835.000000
6115.000000
6350.000000
6880.000000
5892.500000
6342.500000
5745.000000
6585.000000
6670.000000
7622.500000
7685.000000
7340.000000
6615.000000
7900.000000
6142.500000
5980.000000
7362.500000
6405.000000
6405.000000
6995.000000
6802.500000
6490.000000
7235.000000
7015.000000
7707.500000
6235.000000
7445.000000
6455.000000
7185.000000
6732.500000
6957.500000
7452.500000
7675.000000
6522.500000
7180.000000
6737.500000
6930.000000
6762.500000
7402.500000
6745.000000
7160.000000
6927.500000
6790.000000
7322.500000
7347.500000
7820.000000
7512.500000
6735.000000
7315.000000
7082.500000
6340.000000
8050.000000
7807.500000
7637.500000
7252.500000
8140.000000
7957.500000
7482.500000
7260.000000
8555.000000
7915.000000
7385.000000
7857.500000
7040.000000
8122.500000
7457.500000
7872.500000
7882.500000
6962.500000
7782.500000
7412.500000
8082.500000
7380.000000
7727.500000
8130.000000
7525.000000
7997.500000
7665.000000
8702.500000
7797.500000
7670.000000
7752.500000
7472.500000
7502.500000
6765.000000
8072.500000
7887.500000
6927.500000
