70.000000
1843.333333
1701.666667
1695.000000
2261.666667
2386.666667
2843.333333
2501.666667
3538.333333
5235.000000
6380.000000
6823.333333
6778.333333
7786.666667
8391.666667
8141.666667
8040.000000
7490.000000
7601.666667
7735.000000
7795.000000
7653.333333
7116.666667
7310.000000
7445.000000
7280.000000
6478.333333
7195.000000
6146.666667
6620.000000
6888.333333
6250.000000
6523.333333
6646.666667
6646.666667
6781.666667
6941.666667
6351.666667
7505.000000
7445.000000
6980.000000
5921.666667
7270.000000
5443.333333
6600.000000
5968.333333
6060.000000
6656.666667
5726.666667
5123.333333
5005.000000
5380.000000
6338.333333
5638.333333
5865.000000
6378.333333
6513.333333
6396.666667
5550.000000
6370.000000
6443.333333
7101.666667
5913.333333
6863.333333
6543.333333
6838.333333
5748.333333
5933.333333
6015.000000
4950.000000
6085.000000
6223.333333
6746.666667
5236.666667
5088.333333
4913.333333
5523.333333
6458.333333
6473.333333
6025.000000
5900.000000
5466.666667
5928.333333
5653.333333
5813.333333
4865.000000
5953.333333
6456.666667
6725.000000
5895.000000
6478.333333
5685.000000
4905.000000
5631.666667
6305.000000
5103.333333
4891.666667
5793.333333
5385.000000
5793.333333
