51.666667
-140.000000
148.333333
-196.666667
-20.000000
63.333333
13.333333
-46.666667
120.000000
26.666667
505.000000
301.666667
-33.333333
-31.666667
391.666667
938.333333
1060.000000
325.000000
740.000000
476.666667
963.333333
553.333333
438.333333
286.666667
488.333333
458.333333
576.666667
421.666667
201.666667
85.000000
305.000000
146.666667
25.000000
235.000000
101.666667
370.000000
-88.333333
266.666667
176.666667
23.333333
353.333333
-181.666667
-101.666667
-61.666667
-86.666667
86.666667
13.333333
-111.666667
343.333333
123.333333
-55.000000
573.333333
175.000000
-31.666667
-6.666667
-253.333333
-21.666667
103.333333
-158.333333
-160.000000
191.666667
36.666667
81.666667
48.333333
213.333333
95.000000
375.000000
151.666667
340.000000
-75.000000
13.333333
376.666667
643.333333
683.333333
335.000000
488.333333
1025.000000
895.000000
1075.000000
1571.666667
1886.666667
2056.666667
1538.333333
1575.000000
2300.000000
1775.000000
1475.000000
1670.000000
1266.666667
1591.666667
1293.333333
2261.666667
1623.333333
1931.666667
2621.666667
1903.333333
1963.333333
1913.333333
1715.000000
1798.333333
