4762.500000
6737.500000
4417.500000
4695.000000
5982.500000
6292.500000
5630.000000
6215.000000
5920.000000
5105.000000
5237.500000
6235.000000
6137.500000
4220.000000
5325.000000
4817.500000
4280.000000
6125.000000
4750.000000
6212.500000
4615.000000
3725.000000
4890.000000
5457.500000
4102.500000
5640.000000
4787.500000
4550.000000
4535.000000
6025.000000
5167.500000
5622.500000
5032.500000
3885.000000
5332.500000
4667.500000
5662.500000
4955.000000
5165.000000
3630.000000
5687.500000
4435.000000
5217.500000
5507.500000
4532.500000
5107.500000
3907.500000
5127.500000
5227.500000
5370.000000
4870.000000
4830.000000
3912.500000
4930.000000
4955.000000
4365.000000
4690.000000
4982.500000
4977.500000
4802.500000
4790.000000
5112.500000
5222.500000
5640.000000
3627.500000
5627.500000
5140.000000
4732.500000
4515.000000
4885.000000
3432.500000
5455.000000
5205.000000
5217.500000
4075.000000
3275.000000
4947.500000
4807.500000
4622.500000
4357.500000
5205.000000
3925.000000
4950.000000
5425.000000
5710.000000
5235.000000
4762.500000
4465.000000
4760.000000
4762.500000
4770.000000
4865.000000
5302.500000
4815.000000
4477.500000
4940.000000
5477.500000
5265.000000
5050.000000
5362.500000
