3655.000000
3422.500000
3397.500000
4152.500000
6075.000000
6477.500000
6162.500000
5097.500000
5975.000000
5642.500000
5387.500000
4522.500000
5935.000000
5792.500000
6107.500000
5960.000000
6102.500000
6280.000000
6785.000000
6900.000000
6802.500000
6292.500000
7037.500000
7020.000000
7147.500000
5907.500000
6795.000000
6897.500000
6515.000000
6937.500000
6572.500000
6555.000000
6752.500000
6712.500000
7342.500000
7392.500000
6970.000000
7360.000000
6962.500000
6977.500000
7342.500000
5720.000000
6270.000000
7210.000000
6920.000000
6540.000000
7035.000000
6675.000000
6572.500000
7370.000000
7840.000000
7782.500000
8437.500000
7905.000000
7827.500000
8280.000000
7330.000000
7555.000000
8000.000000
7530.000000
7877.500000
7442.500000
7650.000000
7560.000000
8132.500000
7895.000000
7980.000000
8172.500000
7485.000000
6982.500000
8050.000000
7572.500000
7557.500000
8040.000000
7502.500000
7995.000000
8182.500000
8037.500000
7762.500000
7772.500000
7942.500000
7995.000000
7690.000000
8612.500000
7750.000000
8092.500000
8125.000000
8345.000000
7880.000000
7807.500000
8090.000000
8442.500000
7922.500000
8622.500000
7620.000000
8325.000000
8252.500000
8165.000000
8687.500000
8372.500000
