122.500000
122.500000
-92.500000
4167.500000
4725.000000
4497.500000
4832.500000
5145.000000
4682.500000
4565.000000
5027.500000
6535.000000
4697.500000
4812.500000
4285.000000
5882.500000
6207.500000
8137.500000
8000.000000
6625.000000
6337.500000
8240.000000
7502.500000
6045.000000
6870.000000
6980.000000
6740.000000
7945.000000
7850.000000
7697.500000
6237.500000
5550.000000
6905.000000
6605.000000
6277.500000
7902.500000
6975.000000
7962.500000
5527.500000
6212.500000
6680.000000
6990.000000
7765.000000
6557.500000
6672.500000
6877.500000
6230.000000
6355.000000
6132.500000
6515.000000
6390.000000
6455.000000
6860.000000
8035.000000
7932.500000
8002.500000
6605.000000
7807.500000
7900.000000
8165.000000
7792.500000
7232.500000
8102.500000
6667.500000
6550.000000
7625.000000
6970.000000
7880.000000
8290.000000
6712.500000
8225.000000
8160.000000
7770.000000
7572.500000
8202.500000
6845.000000
7837.500000
6572.500000
7830.000000
6170.000000
6320.000000
6225.000000
5890.000000
7280.000000
7860.000000
6270.000000
5187.500000
7905.000000
7975.000000
7495.000000
6620.000000
4450.000000
6617.500000
6037.500000
6470.000000
6337.500000
6460.000000
6337.500000
6050.000000
5820.000000
