1042.500000
1992.500000
2640.000000
1440.000000
2570.000000
2525.000000
2407.500000
4617.500000
6155.000000
7037.500000
6612.500000
5382.500000
6772.500000
7252.500000
6877.500000
7520.000000
6830.000000
7560.000000
7142.500000
6015.000000
6797.500000
6560.000000
6780.000000
6950.000000
6717.500000
6302.500000
6235.000000
6150.000000
5840.000000
5385.000000
4582.500000
5025.000000
4457.500000
4980.000000
6077.500000
6200.000000
6552.500000
5430.000000
5440.000000
5497.500000
6530.000000
5647.500000
5490.000000
5762.500000
5315.000000
6880.000000
5487.500000
6432.500000
4902.500000
4675.000000
5967.500000
6075.000000
7125.000000
6897.500000
7285.000000
5682.500000
7402.500000
6185.000000
6915.000000
5372.500000
6435.000000
6915.000000
6980.000000
5250.000000
6930.000000
6990.000000
7522.500000
7737.500000
5100.000000
7047.500000
7415.000000
7635.000000
6720.000000
7527.500000
6377.500000
7282.500000
7620.000000
6287.500000
7140.000000
7452.500000
8027.500000
7487.500000
7002.500000
7887.500000
7592.500000
7640.000000
7240.000000
7705.000000
6570.000000
6667.500000
8082.500000
6667.500000
8492.500000
6855.000000
7192.500000
7997.500000
8235.000000
7110.000000
7267.500000
7780.000000
