-50.000000
-81.666667
63.333333
-125.000000
1311.666667
1885.000000
2228.333333
1575.000000
2623.333333
2506.666667
2620.000000
2561.666667
2995.000000
3070.000000
2841.666667
2836.666667
3931.666667
4785.000000
3316.666667
3246.666667
4766.666667
5403.333333
5811.666667
7400.000000
5176.666667
5053.333333
5088.333333
5410.000000
5716.666667
5740.000000
5826.666667
6030.000000
5533.333333
5456.666667
5576.666667
6795.000000
6778.333333
7043.333333
6251.666667
6943.333333
6513.333333
5961.666667
6978.333333
5760.000000
6393.333333
6450.000000
6155.000000
6450.000000
6256.666667
6158.333333
5683.333333
5785.000000
5591.666667
5761.666667
5651.666667
5740.000000
5675.000000
6430.000000
5725.000000
6445.000000
6203.333333
5906.666667
5586.666667
6565.000000
7503.333333
6453.333333
7271.666667
7000.000000
7168.333333
6855.000000
7040.000000
5976.666667
6056.666667
6585.000000
7463.333333
6556.666667
5421.666667
6360.000000
6568.333333
6610.000000
6003.333333
6238.333333
6660.000000
5798.333333
6101.666667
6223.333333
6496.666667
7561.666667
6350.000000
6516.666667
6598.333333
6793.333333
5553.333333
6465.000000
6840.000000
6246.666667
4681.666667
6250.000000
7361.666667
6265.000000
