192.500000
3602.500000
4305.000000
4412.500000
6975.000000
7430.000000
7082.500000
7722.500000
6060.000000
7135.000000
6325.000000
5990.000000
6775.000000
6437.500000
6195.000000
5150.000000
6807.500000
6645.000000
6892.500000
7042.500000
6492.500000
6632.500000
6660.000000
6417.500000
6990.000000
6637.500000
7520.000000
6817.500000
8040.000000
7150.000000
8052.500000
7582.500000
6317.500000
7640.000000
7332.500000
8222.500000
7552.500000
7497.500000
7640.000000
7515.000000
7725.000000
7987.500000
7885.000000
7597.500000
7095.000000
7817.500000
8252.500000
8027.500000
8365.000000
8302.500000
8440.000000
8262.500000
8445.000000
8797.500000
8535.000000
8325.000000
8415.000000
9012.500000
8355.000000
8910.000000
8710.000000
8615.000000
8695.000000
8117.500000
8690.000000
8462.500000
8250.000000
8645.000000
9050.000000
8105.000000
8837.500000
8565.000000
8667.500000
8277.500000
8950.000000
8542.500000
9570.000000
9047.500000
9067.500000
9287.500000
8727.500000
9135.000000
9140.000000
8587.500000
8817.500000
8440.000000
8832.500000
9007.500000
9055.000000
8887.500000
8597.500000
9130.000000
8982.500000
8860.000000
9327.500000
9432.500000
9082.500000
8887.500000
8810.000000
9360.000000
