65.000000
-20.000000
123.333333
26.666667
-8.333333
245.000000
60.000000
-106.666667
345.000000
65.000000
-151.666667
-13.333333
126.666667
-155.000000
76.666667
301.666667
105.000000
388.333333
36.666667
76.666667
45.000000
536.666667
253.333333
-48.333333
-78.333333
205.000000
-48.333333
161.666667
128.333333
-10.000000
188.333333
208.333333
101.666667
230.000000
-71.666667
-110.000000
-11.666667
43.333333
271.666667
270.000000
291.666667
-25.000000
-203.333333
-13.333333
213.333333
-208.333333
330.000000
275.000000
70.000000
151.666667
370.000000
250.000000
110.000000
-56.666667
520.000000
253.333333
36.666667
30.000000
-11.666667
215.000000
-160.000000
41.666667
230.000000
-68.333333
78.333333
76.666667
411.666667
-166.666667
-80.000000
-161.666667
-23.333333
-231.666667
151.666667
75.000000
441.666667
600.000000
-21.666667
-138.333333
150.000000
-156.666667
-245.000000
51.666667
278.333333
225.000000
75.000000
-36.666667
368.333333
151.666667
193.333333
360.000000
148.333333
266.666667
-28.333333
108.333333
385.000000
210.000000
56.666667
-153.333333
-16.666667
278.333333
